qNos = 10;
qClusters = 10;
qPontosCarga = 1;
qBetoneiras = 10;
Mc = 1440;
Mt = 1440;
M = 1440;
rhoi = [18.6, 10.7, 13.9, 16.4, 16, 16.2, 13.7, 14.6, 17, 11.9];
rhov = [50, 50, 50, 50, 50, 50, 50, 50, 50, 50];
c = [
[[0, 104.7, 162.8, 183.9, 168.5, 116.8, 175.6, 175.4, 189.2, 130.9][104.7, 0, 159.9, 163.6, 150, 196.8, 126.4, 194.2, 122.9, 145.8][162.8, 159.9, 0, 100.9, 126.3, 181.8, 194, 154.7, 123.3, 147.6][183.9, 163.6, 100.9, 0, 198.1, 189.2, 149, 124.5, 118.4, 105.3][168.5, 150, 126.3, 198.1, 0, 131.1, 128.5, 138, 124.1, 122.5][116.8, 196.8, 181.8, 189.2, 131.1, 0, 152.9, 189.5, 188.3, 141][175.6, 126.4, 194, 149, 128.5, 152.9, 0, 172.1, 153, 167.7][175.4, 194.2, 154.7, 124.5, 138, 189.5, 172.1, 0, 174.1, 111.7][189.2, 122.9, 123.3, 118.4, 124.1, 188.3, 153, 174.1, 0, 128.8][130.9, 145.8, 147.6, 105.3, 122.5, 141, 167.7, 111.7, 128.8, 0]],
[[0, 154.5, 179.3, 116.5, 113.4, 144.5, 130.1, 169.8, 128.7, 177.8][154.5, 0, 158.4, 150, 139.5, 136.3, 170.4, 127.5, 126.7, 151][179.3, 158.4, 0, 170.8, 125.6, 128.9, 135.1, 111.9, 172.7, 103.8][116.5, 150, 170.8, 0, 141.3, 133.4, 157.5, 159.9, 154.2, 128.9][113.4, 139.5, 125.6, 141.3, 0, 126.4, 180.6, 111.6, 118.7, 143.7][144.5, 136.3, 128.9, 133.4, 126.4, 0, 109.9, 132.5, 111.1, 173.8][130.1, 170.4, 135.1, 157.5, 180.6, 109.9, 0, 175.2, 161.3, 199.8][169.8, 127.5, 111.9, 159.9, 111.6, 132.5, 175.2, 0, 160.3, 165.7][128.7, 126.7, 172.7, 154.2, 118.7, 111.1, 161.3, 160.3, 0, 172.5][177.8, 151, 103.8, 128.9, 143.7, 173.8, 199.8, 165.7, 172.5, 0]],
[[0, 113.5, 153.2, 117.9, 113.5, 145.4, 102, 196.8, 148.5, 182.8][113.5, 0, 193.7, 142.5, 106.6, 112.6, 172.1, 111.2, 172.6, 109.8][153.2, 193.7, 0, 174.5, 148.9, 132.1, 169.5, 127.8, 117.6, 126.7][117.9, 142.5, 174.5, 0, 117.6, 194.2, 139.9, 197, 150.5, 167.6][113.5, 106.6, 148.9, 117.6, 0, 135.3, 151.7, 107, 131.3, 127.8][145.4, 112.6, 132.1, 194.2, 135.3, 0, 180.1, 139.6, 146.4, 108.8][102, 172.1, 169.5, 139.9, 151.7, 180.1, 0, 126.8, 129.5, 132.1][196.8, 111.2, 127.8, 197, 107, 139.6, 126.8, 0, 128.8, 125.1][148.5, 172.6, 117.6, 150.5, 131.3, 146.4, 129.5, 128.8, 0, 101.1][182.8, 109.8, 126.7, 167.6, 127.8, 108.8, 132.1, 125.1, 101.1, 0]],
[[0, 103.3, 119.9, 138.9, 162.6, 102.6, 151.5, 125.3, 111.3, 133.6][103.3, 0, 103, 185.6, 135.6, 191.2, 195.9, 151.3, 162.1, 199.8][119.9, 103, 0, 198, 115.3, 158.3, 190.8, 199.7, 181.3, 144.3][138.9, 185.6, 198, 0, 131.1, 133, 163.4, 165.7, 122.1, 102.5][162.6, 135.6, 115.3, 131.1, 0, 137.3, 199, 192.5, 125.6, 114.3][102.6, 191.2, 158.3, 133, 137.3, 0, 174.3, 101, 134.4, 147.9][151.5, 195.9, 190.8, 163.4, 199, 174.3, 0, 116.1, 110, 140.4][125.3, 151.3, 199.7, 165.7, 192.5, 101, 116.1, 0, 173.3, 128.3][111.3, 162.1, 181.3, 122.1, 125.6, 134.4, 110, 173.3, 0, 142.2][133.6, 199.8, 144.3, 102.5, 114.3, 147.9, 140.4, 128.3, 142.2, 0]],
[[0, 144.5, 148.4, 150.5, 157.5, 164.7, 129.7, 134.1, 113.5, 166.7][144.5, 0, 110.3, 103.6, 138.6, 194.6, 131.6, 169.6, 188, 159.6][148.4, 110.3, 0, 189.2, 131.1, 165.7, 186.6, 143.1, 165.6, 181.6][150.5, 103.6, 189.2, 0, 177, 161.2, 165.4, 150.1, 199.2, 148.3][157.5, 138.6, 131.1, 177, 0, 150.5, 126.3, 153, 102.2, 186.6][164.7, 194.6, 165.7, 161.2, 150.5, 0, 184.6, 112.9, 108.2, 157.4][129.7, 131.6, 186.6, 165.4, 126.3, 184.6, 0, 172.8, 103.2, 185.5][134.1, 169.6, 143.1, 150.1, 153, 112.9, 172.8, 0, 125.8, 115.3][113.5, 188, 165.6, 199.2, 102.2, 108.2, 103.2, 125.8, 0, 110.7][166.7, 159.6, 181.6, 148.3, 186.6, 157.4, 185.5, 115.3, 110.7, 0]],
[[0, 135.7, 106.4, 102.8, 178.3, 128, 150.4, 151.1, 142.2, 162.6][135.7, 0, 155.6, 101.4, 182.8, 168.9, 180.5, 103.5, 164.3, 184][106.4, 155.6, 0, 114.4, 118.4, 159.8, 177.3, 185.7, 192.4, 145][102.8, 101.4, 114.4, 0, 185, 175.1, 151.4, 131.8, 158.3, 162.5][178.3, 182.8, 118.4, 185, 0, 101.1, 117.3, 150.3, 170.9, 141.3][128, 168.9, 159.8, 175.1, 101.1, 0, 154.8, 162.6, 171.8, 171.1][150.4, 180.5, 177.3, 151.4, 117.3, 154.8, 0, 198, 199.3, 184.1][151.1, 103.5, 185.7, 131.8, 150.3, 162.6, 198, 0, 190.3, 146.6][142.2, 164.3, 192.4, 158.3, 170.9, 171.8, 199.3, 190.3, 0, 185.2][162.6, 184, 145, 162.5, 141.3, 171.1, 184.1, 146.6, 185.2, 0]],
[[0, 101.8, 144, 127.7, 153.9, 108.5, 119.2, 171.2, 107.5, 155.5][101.8, 0, 133.4, 150, 114, 157.8, 193.3, 152.9, 198.9, 119.3][144, 133.4, 0, 183.9, 100.1, 154.5, 184.1, 132.5, 198, 139.1][127.7, 150, 183.9, 0, 148.7, 101.6, 112.2, 143.2, 120.4, 160.5][153.9, 114, 100.1, 148.7, 0, 193.2, 195.3, 145.8, 159.8, 183.2][108.5, 157.8, 154.5, 101.6, 193.2, 0, 131.2, 123.7, 177.9, 149.8][119.2, 193.3, 184.1, 112.2, 195.3, 131.2, 0, 143.3, 129.9, 109.8][171.2, 152.9, 132.5, 143.2, 145.8, 123.7, 143.3, 0, 194.8, 137.5][107.5, 198.9, 198, 120.4, 159.8, 177.9, 129.9, 194.8, 0, 191.3][155.5, 119.3, 139.1, 160.5, 183.2, 149.8, 109.8, 137.5, 191.3, 0]],
[[0, 140.8, 104.9, 178.5, 118.2, 199.1, 180, 100.3, 190.2, 192.1][140.8, 0, 101.1, 169.3, 145.9, 188.6, 105.2, 106.9, 107, 127.9][104.9, 101.1, 0, 187.1, 195, 140.2, 154.7, 168.1, 197.9, 110.1][178.5, 169.3, 187.1, 0, 121.7, 175.2, 141.4, 134, 156.9, 124.6][118.2, 145.9, 195, 121.7, 0, 174.3, 137.7, 160.6, 147.8, 107.9][199.1, 188.6, 140.2, 175.2, 174.3, 0, 196.8, 133.7, 125, 121.3][180, 105.2, 154.7, 141.4, 137.7, 196.8, 0, 180.4, 192.9, 105.1][100.3, 106.9, 168.1, 134, 160.6, 133.7, 180.4, 0, 153.8, 158.8][190.2, 107, 197.9, 156.9, 147.8, 125, 192.9, 153.8, 0, 114][192.1, 127.9, 110.1, 124.6, 107.9, 121.3, 105.1, 158.8, 114, 0]],
[[0, 185.3, 135.1, 172.7, 143, 136.3, 102, 122.8, 199.8, 197.2][185.3, 0, 136.6, 172.7, 106.9, 168.4, 196.5, 123.9, 138.6, 166.2][135.1, 136.6, 0, 133.4, 167.4, 126.8, 131.6, 185.3, 140.8, 197.4][172.7, 172.7, 133.4, 0, 110.1, 173.3, 102.9, 165.8, 114.6, 147.3][143, 106.9, 167.4, 110.1, 0, 149.6, 114.4, 139.2, 196.1, 136.4][136.3, 168.4, 126.8, 173.3, 149.6, 0, 140.1, 168.8, 191.1, 120.6][102, 196.5, 131.6, 102.9, 114.4, 140.1, 0, 122.6, 151.5, 137.8][122.8, 123.9, 185.3, 165.8, 139.2, 168.8, 122.6, 0, 163.3, 111.2][199.8, 138.6, 140.8, 114.6, 196.1, 191.1, 151.5, 163.3, 0, 135.2][197.2, 166.2, 197.4, 147.3, 136.4, 120.6, 137.8, 111.2, 135.2, 0]],
[[0, 189.8, 165.3, 128.5, 197.4, 141.9, 126.7, 171.8, 186.3, 132][189.8, 0, 182.3, 199.9, 194.4, 175.3, 132.9, 163, 199.1, 157][165.3, 182.3, 0, 185.2, 149.9, 187, 158.3, 167.8, 172.3, 160.1][128.5, 199.9, 185.2, 0, 183.8, 169.8, 175.2, 112.8, 144.8, 175.3][197.4, 194.4, 149.9, 183.8, 0, 193.8, 122, 129.6, 162.2, 120.3][141.9, 175.3, 187, 169.8, 193.8, 0, 108, 174.5, 168.4, 172.7][126.7, 132.9, 158.3, 175.2, 122, 108, 0, 120.7, 177.9, 128][171.8, 163, 167.8, 112.8, 129.6, 174.5, 120.7, 0, 107.2, 113.8][186.3, 199.1, 172.3, 144.8, 162.2, 168.4, 177.9, 107.2, 0, 136.5][132, 157, 160.1, 175.3, 120.3, 172.7, 128, 113.8, 136.5, 0]]
];
cf = [40, 40, 40, 40, 40, 40, 40, 40, 40, 40];
dMax = 25;

q = [8, 8, 8, 8, 8, 8, 8, 8, 8, 8];
st = [
[1078, 1078, 1078, 1078, 1078, 1078, 1078, 1078, 1078, 1078],
[706.1, 706.1, 706.1, 706.1, 706.1, 706.1, 706.1, 706.1, 706.1, 706.1],
[1393.1, 1393.1, 1393.1, 1393.1, 1393.1, 1393.1, 1393.1, 1393.1, 1393.1, 1393.1],
[1238, 1238, 1238, 1238, 1238, 1238, 1238, 1238, 1238, 1238],
[894.8, 894.8, 894.8, 894.8, 894.8, 894.8, 894.8, 894.8, 894.8, 894.8],
[1022.5, 1022.5, 1022.5, 1022.5, 1022.5, 1022.5, 1022.5, 1022.5, 1022.5, 1022.5],
[1182.2, 1182.2, 1182.2, 1182.2, 1182.2, 1182.2, 1182.2, 1182.2, 1182.2, 1182.2],
[837.9, 837.9, 837.9, 837.9, 837.9, 837.9, 837.9, 837.9, 837.9, 837.9],
[1369.8, 1369.8, 1369.8, 1369.8, 1369.8, 1369.8, 1369.8, 1369.8, 1369.8, 1369.8],
[1291.7, 1291.7, 1291.7, 1291.7, 1291.7, 1291.7, 1291.7, 1291.7, 1291.7, 1291.7]
];
a = [1068, 696.1, 1383.1, 1228, 884.8, 1012.5, 1172.2, 827.9, 1359.8, 1281.7];
b = [1088, 716.1, 1403.1, 1248, 904.8, 1032.5, 1192.2, 847.9, 1379.8, 1301.7];
t = [
[[0, 127.8, 147.4, 29.1, 59, 78.2, 30.2, 171.9, 146.4, 173.5][127.8, 0, 79.1, 20, 136.1, 95.5, 167.4, 43.9, 74.4, 111.7][147.4, 79.1, 0, 102.7, 70.1, 166.7, 40, 118.2, 51.2, 105.4][29.1, 20, 102.7, 0, 178.9, 133.7, 145.3, 33.7, 119.9, 156.8][59, 136.1, 70.1, 178.9, 0, 46.6, 156.7, 38, 88.8, 82.9][78.2, 95.5, 166.7, 133.7, 46.6, 0, 127, 101.1, 153, 63.7][30.2, 167.4, 40, 145.3, 156.7, 127, 0, 144.8, 149.6, 59.6][171.9, 43.9, 118.2, 33.7, 38, 101.1, 144.8, 0, 42.3, 170.3][146.4, 74.4, 51.2, 119.9, 88.8, 153, 149.6, 42.3, 0, 84.2][173.5, 111.7, 105.4, 156.8, 82.9, 63.7, 59.6, 170.3, 84.2, 0]],
[[0, 104.9, 156.4, 102.6, 178, 43.9, 120.2, 151.1, 68.1, 92.6][104.9, 0, 68.4, 29.6, 116.2, 103.8, 60.1, 124.5, 64.9, 158.2][156.4, 68.4, 0, 46.5, 36.6, 52.5, 43.3, 118.1, 26.8, 104.5][102.6, 29.6, 46.5, 0, 96.9, 153.3, 138.7, 59, 105.4, 37.1][178, 116.2, 36.6, 96.9, 0, 160.4, 95.9, 61, 41.2, 94][43.9, 103.8, 52.5, 153.3, 160.4, 0, 157.3, 62.7, 35.7, 96][120.2, 60.1, 43.3, 138.7, 95.9, 157.3, 0, 56.6, 75.6, 108.6][151.1, 124.5, 118.1, 59, 61, 62.7, 56.6, 0, 125.4, 40.4][68.1, 64.9, 26.8, 105.4, 41.2, 35.7, 75.6, 125.4, 0, 73.3][92.6, 158.2, 104.5, 37.1, 94, 96, 108.6, 40.4, 73.3, 0]],
[[0, 30.9, 177.3, 112.9, 119.2, 99.9, 171.5, 33.1, 25.7, 137.8][30.9, 0, 60.9, 166.8, 149.6, 178.1, 101.1, 70.6, 161.6, 112][177.3, 60.9, 0, 142.7, 75.5, 88, 113.7, 75.2, 82.6, 146.1][112.9, 166.8, 142.7, 0, 147.3, 22.2, 142.5, 130.5, 160.1, 156.9][119.2, 149.6, 75.5, 147.3, 0, 114.7, 172.7, 166.4, 51.2, 86][99.9, 178.1, 88, 22.2, 114.7, 0, 156, 45.7, 119.9, 25.5][171.5, 101.1, 113.7, 142.5, 172.7, 156, 0, 45.6, 147.4, 90.2][33.1, 70.6, 75.2, 130.5, 166.4, 45.7, 45.6, 0, 103.2, 160.3][25.7, 161.6, 82.6, 160.1, 51.2, 119.9, 147.4, 103.2, 0, 107.2][137.8, 112, 146.1, 156.9, 86, 25.5, 90.2, 160.3, 107.2, 0]],
[[0, 27.6, 64.7, 114.5, 45.5, 75, 143.5, 145.9, 69.8, 132.4][27.6, 0, 139.6, 135.6, 114.7, 146.9, 151.9, 97.7, 48.9, 82.6][64.7, 139.6, 0, 45.6, 160.8, 126.2, 174.1, 163.2, 146.8, 35.1][114.5, 135.6, 45.6, 0, 94.5, 135.8, 172.1, 137.2, 49.9, 120.6][45.5, 114.7, 160.8, 94.5, 0, 43.5, 152, 102.3, 58.9, 139.6][75, 146.9, 126.2, 135.8, 43.5, 0, 137.5, 48, 105, 105][143.5, 151.9, 174.1, 172.1, 152, 137.5, 0, 33.4, 148.9, 122.9][145.9, 97.7, 163.2, 137.2, 102.3, 48, 33.4, 0, 54.1, 91.7][69.8, 48.9, 146.8, 49.9, 58.9, 105, 148.9, 54.1, 0, 130.4][132.4, 82.6, 35.1, 120.6, 139.6, 105, 122.9, 91.7, 130.4, 0]],
[[0, 61.3, 78.9, 148, 107.8, 176.7, 84.7, 64.6, 122.3, 54.1][61.3, 0, 113.1, 44.4, 97.8, 99.4, 130.9, 119.2, 151.4, 28.6][78.9, 113.1, 0, 40, 31.7, 116.1, 163.6, 32.4, 108, 32.2][148, 44.4, 40, 0, 140.2, 20.9, 157.6, 120.6, 147.5, 157.3][107.8, 97.8, 31.7, 140.2, 0, 71.2, 129.1, 75.2, 84.7, 53.2][176.7, 99.4, 116.1, 20.9, 71.2, 0, 77, 44.1, 49.4, 53.1][84.7, 130.9, 163.6, 157.6, 129.1, 77, 0, 55.9, 158.9, 49.7][64.6, 119.2, 32.4, 120.6, 75.2, 44.1, 55.9, 0, 68.2, 125.8][122.3, 151.4, 108, 147.5, 84.7, 49.4, 158.9, 68.2, 0, 115.2][54.1, 28.6, 32.2, 157.3, 53.2, 53.1, 49.7, 125.8, 115.2, 0]],
[[0, 59.7, 128.6, 154, 165.8, 62, 140.2, 102.9, 42.3, 155.6][59.7, 0, 146.8, 48.9, 150.9, 135.7, 147.6, 175.8, 107.1, 124][128.6, 146.8, 0, 154.9, 76.8, 61.9, 95.3, 42.7, 34.7, 97.7][154, 48.9, 154.9, 0, 62.2, 127.3, 159.2, 166.8, 155.9, 137.2][165.8, 150.9, 76.8, 62.2, 0, 133.9, 144.2, 162.1, 97, 100.5][62, 135.7, 61.9, 127.3, 133.9, 0, 72.3, 23.6, 134.7, 105.5][140.2, 147.6, 95.3, 159.2, 144.2, 72.3, 0, 37.1, 148.2, 106.8][102.9, 175.8, 42.7, 166.8, 162.1, 23.6, 37.1, 0, 99.6, 117.9][42.3, 107.1, 34.7, 155.9, 97, 134.7, 148.2, 99.6, 0, 24.3][155.6, 124, 97.7, 137.2, 100.5, 105.5, 106.8, 117.9, 24.3, 0]],
[[0, 106.1, 88.4, 81.8, 57.3, 128.8, 54.9, 74.8, 171.4, 84][106.1, 0, 39.9, 37, 113.9, 76.3, 123.6, 114.7, 161, 116.1][88.4, 39.9, 0, 66.5, 38.4, 32.9, 84.8, 168.8, 58.7, 67.1][81.8, 37, 66.5, 0, 123.5, 103.5, 169.3, 69.4, 59.8, 93.6][57.3, 113.9, 38.4, 123.5, 0, 168.5, 123.1, 96.8, 93.4, 136.1][128.8, 76.3, 32.9, 103.5, 168.5, 0, 58.9, 97.4, 129.5, 47.1][54.9, 123.6, 84.8, 169.3, 123.1, 58.9, 0, 102.3, 79, 152.7][74.8, 114.7, 168.8, 69.4, 96.8, 97.4, 102.3, 0, 98.2, 77.1][171.4, 161, 58.7, 59.8, 93.4, 129.5, 79, 98.2, 0, 83.5][84, 116.1, 67.1, 93.6, 136.1, 47.1, 152.7, 77.1, 83.5, 0]],
[[0, 138.4, 127.2, 31.1, 170.8, 56, 52.1, 60.3, 81.2, 105][138.4, 0, 119.6, 117.3, 49.7, 34.7, 113.8, 45.2, 65.6, 25.4][127.2, 119.6, 0, 131.7, 170.3, 51.4, 93.9, 37.1, 163, 167.5][31.1, 117.3, 131.7, 0, 75.9, 83.6, 166.6, 39.3, 116.1, 133.9][170.8, 49.7, 170.3, 75.9, 0, 112, 90.6, 161.6, 163.6, 165.2][56, 34.7, 51.4, 83.6, 112, 0, 156.3, 158.2, 78.7, 23.7][52.1, 113.8, 93.9, 166.6, 90.6, 156.3, 0, 61.5, 128.2, 62][60.3, 45.2, 37.1, 39.3, 161.6, 158.2, 61.5, 0, 171.8, 153.8][81.2, 65.6, 163, 116.1, 163.6, 78.7, 128.2, 171.8, 0, 38.9][105, 25.4, 167.5, 133.9, 165.2, 23.7, 62, 153.8, 38.9, 0]],
[[0, 29.2, 82.7, 35.7, 21.9, 56.7, 73.6, 41.1, 107.8, 45.8][29.2, 0, 169.6, 121.3, 144.3, 43.6, 114.9, 152.4, 65.5, 41][82.7, 169.6, 0, 145.1, 151.1, 27.5, 46.7, 68.2, 51.1, 128.6][35.7, 121.3, 145.1, 0, 68.9, 87.4, 126.8, 127.9, 128.8, 103.2][21.9, 144.3, 151.1, 68.9, 0, 51.9, 45.3, 29.1, 148.6, 66.7][56.7, 43.6, 27.5, 87.4, 51.9, 0, 21, 150.9, 37.4, 79.4][73.6, 114.9, 46.7, 126.8, 45.3, 21, 0, 80.3, 90.9, 162.8][41.1, 152.4, 68.2, 127.9, 29.1, 150.9, 80.3, 0, 135.8, 174][107.8, 65.5, 51.1, 128.8, 148.6, 37.4, 90.9, 135.8, 0, 63.9][45.8, 41, 128.6, 103.2, 66.7, 79.4, 162.8, 174, 63.9, 0]],
[[0, 32, 134.5, 143.8, 51.3, 176, 107.2, 96.9, 40.8, 146.3][32, 0, 172.2, 141, 51.5, 87.1, 133, 149.3, 126.8, 93.2][134.5, 172.2, 0, 159, 122.6, 137.7, 96, 135.1, 75, 68.2][143.8, 141, 159, 0, 151.4, 94.6, 23.6, 85.7, 90.8, 116.6][51.3, 51.5, 122.6, 151.4, 0, 63.9, 112.4, 57.1, 84.7, 56.9][176, 87.1, 137.7, 94.6, 63.9, 0, 132.9, 163, 96.6, 132.7][107.2, 133, 96, 23.6, 112.4, 132.9, 0, 176, 135.1, 24.5][96.9, 149.3, 135.1, 85.7, 57.1, 163, 176, 0, 62.9, 156.4][40.8, 126.8, 75, 90.8, 84.7, 96.6, 135.1, 62.9, 0, 105.7][146.3, 93.2, 68.2, 116.6, 56.9, 132.7, 24.5, 156.4, 105.7, 0]]
];
tvMax = [480, 480, 480, 480, 480, 480, 480, 480, 480, 480];
w = [3.4, 3.2, 5.2, 3.5, 3.6, 3.7, 7.1, 6.6, 5.7, 3.1];
ctr = 10;

