M = 1440;
qC = 5;
qD = 1;
qB = 6;
q = [0, 2.315472, 1.342428, 2.522064, 2.118913, 2.714011];
s = [0, 1102, 1046, 773, 993, 718];
e = [0, 1092, 1036, 763, 983, 708];
l = [0, 1112, 1056, 783, 1003, 728];
c = [
[0, 19.97526, 19.91356, 24.80921, 26.52355, 25.76438],
[19.97526, 0, 19.53352, 22.56327, 27.00583, 25.21026],
[19.91356, 19.53352, 0, 10.39302, 21.68265, 18.65389],
[24.80921, 22.56327, 10.39302, 0, 20.49195, 26.22709],
[26.52355, 27.00583, 21.68265, 20.49195, 0, 22.39888],
[25.76438, 25.21026, 18.65389, 26.22709, 22.39888, 0]
];
Q = [12, 12, 12, 12, 12, 12];
T = [180, 180, 180, 180, 180, 180];
Pd = [3];
Kd = [3];
