qNos = 10;
qClusters = 10;
qPontosCarga = 1;
qBetoneiras = 10;
Mc = 1440;
Mt = 1440;
M = 1440;
rhoi = [17.2, 17.4, 13.6, 16.1, 10.1, 17.6, 10.6, 19, 17.2, 17.7];
rhov = [50, 50, 50, 50, 50, 50, 50, 50, 50, 50];
a = [1, 1, 1, 1, 1, 1, 1, 1, 1, 1];
b = [40, 40, 40, 40, 40, 40, 40, 40, 40, 40];
c = [
[[0, 191.1, 115.4, 145.3, 111.5, 144.1, 163.1, 149.4, 119.1, 129.4][191.1, 0, 169.8, 145.4, 102.9, 124.6, 133.2, 110.8, 178.9, 182.1][115.4, 169.8, 0, 141.4, 115.4, 186, 159, 103.1, 166.8, 158.2][145.3, 145.4, 141.4, 0, 170.4, 178.4, 128.2, 177.2, 155.6, 179.2][111.5, 102.9, 115.4, 170.4, 0, 177.5, 165, 196.9, 185.2, 113.8][144.1, 124.6, 186, 178.4, 177.5, 0, 122.8, 143.7, 171.1, 154][163.1, 133.2, 159, 128.2, 165, 122.8, 0, 178, 127.6, 173.2][149.4, 110.8, 103.1, 177.2, 196.9, 143.7, 178, 0, 108.5, 122.4][119.1, 178.9, 166.8, 155.6, 185.2, 171.1, 127.6, 108.5, 0, 133.7][129.4, 182.1, 158.2, 179.2, 113.8, 154, 173.2, 122.4, 133.7, 0]],
[[0, 147.7, 124.4, 139.4, 144.8, 184.7, 177.3, 171.7, 155.5, 154.3][147.7, 0, 161.9, 188.1, 148.6, 187.1, 141.1, 165.7, 134.9, 172.2][124.4, 161.9, 0, 163.4, 150.2, 192.3, 180.4, 105.9, 139.4, 119.4][139.4, 188.1, 163.4, 0, 188, 135.2, 111, 187.4, 137.4, 158.4][144.8, 148.6, 150.2, 188, 0, 185.9, 194.5, 144.4, 124.5, 122.7][184.7, 187.1, 192.3, 135.2, 185.9, 0, 154, 188.7, 132.5, 170.9][177.3, 141.1, 180.4, 111, 194.5, 154, 0, 101.9, 105.8, 109.5][171.7, 165.7, 105.9, 187.4, 144.4, 188.7, 101.9, 0, 142.7, 123.3][155.5, 134.9, 139.4, 137.4, 124.5, 132.5, 105.8, 142.7, 0, 125.7][154.3, 172.2, 119.4, 158.4, 122.7, 170.9, 109.5, 123.3, 125.7, 0]],
[[0, 174.2, 156.6, 129.9, 188.3, 143.1, 155.4, 109.7, 158.3, 130.1][174.2, 0, 153.2, 141.7, 185, 120, 156.8, 149.6, 166.2, 184.3][156.6, 153.2, 0, 118.1, 195.9, 176.1, 193.5, 104.2, 162.6, 118.4][129.9, 141.7, 118.1, 0, 111.7, 146.2, 139.7, 192.5, 148.3, 186.5][188.3, 185, 195.9, 111.7, 0, 170.9, 163.2, 116.1, 193.7, 113.8][143.1, 120, 176.1, 146.2, 170.9, 0, 178.5, 181.1, 199.1, 194.3][155.4, 156.8, 193.5, 139.7, 163.2, 178.5, 0, 103, 176.1, 136.2][109.7, 149.6, 104.2, 192.5, 116.1, 181.1, 103, 0, 114.4, 171.3][158.3, 166.2, 162.6, 148.3, 193.7, 199.1, 176.1, 114.4, 0, 181][130.1, 184.3, 118.4, 186.5, 113.8, 194.3, 136.2, 171.3, 181, 0]],
[[0, 169.1, 168.7, 175.7, 121.3, 135.7, 121.5, 191.4, 146.8, 147.2][169.1, 0, 132.2, 170, 194, 111.5, 176.6, 196.9, 115.7, 117.2][168.7, 132.2, 0, 110.1, 143.6, 182.3, 178.5, 168.9, 126.3, 143][175.7, 170, 110.1, 0, 171.1, 185.1, 185.2, 123.9, 192.9, 200][121.3, 194, 143.6, 171.1, 0, 157.4, 189.8, 191.3, 137.4, 142.6][135.7, 111.5, 182.3, 185.1, 157.4, 0, 177.5, 164, 171.2, 112.6][121.5, 176.6, 178.5, 185.2, 189.8, 177.5, 0, 165, 179.5, 116.4][191.4, 196.9, 168.9, 123.9, 191.3, 164, 165, 0, 168.9, 161.5][146.8, 115.7, 126.3, 192.9, 137.4, 171.2, 179.5, 168.9, 0, 143.8][147.2, 117.2, 143, 200, 142.6, 112.6, 116.4, 161.5, 143.8, 0]],
[[0, 184.5, 169.6, 122.4, 197.4, 187.2, 158.9, 126.1, 170.8, 188.9][184.5, 0, 102.5, 100.2, 142.4, 132.7, 150.3, 150.6, 136.3, 167.5][169.6, 102.5, 0, 153.9, 147.2, 174.8, 180.2, 102.7, 174.1, 134][122.4, 100.2, 153.9, 0, 119.4, 151.7, 146, 197.5, 178.6, 102.8][197.4, 142.4, 147.2, 119.4, 0, 162, 199.9, 164.9, 199.2, 186.5][187.2, 132.7, 174.8, 151.7, 162, 0, 115.5, 162.8, 126.5, 105.7][158.9, 150.3, 180.2, 146, 199.9, 115.5, 0, 141, 131.3, 119.1][126.1, 150.6, 102.7, 197.5, 164.9, 162.8, 141, 0, 102.4, 134.9][170.8, 136.3, 174.1, 178.6, 199.2, 126.5, 131.3, 102.4, 0, 142.4][188.9, 167.5, 134, 102.8, 186.5, 105.7, 119.1, 134.9, 142.4, 0]],
[[0, 135.1, 131.3, 120.9, 162, 128.7, 112, 162.6, 121.7, 186.6][135.1, 0, 163.6, 181.8, 195.6, 188.4, 178, 135.5, 112.9, 128.6][131.3, 163.6, 0, 192.1, 186.1, 140.4, 100.3, 177.5, 133.5, 163.7][120.9, 181.8, 192.1, 0, 135.1, 173.5, 141.1, 148.2, 106.2, 143.6][162, 195.6, 186.1, 135.1, 0, 161.1, 100.3, 139.1, 191.6, 184.3][128.7, 188.4, 140.4, 173.5, 161.1, 0, 120.5, 125.1, 135.6, 150][112, 178, 100.3, 141.1, 100.3, 120.5, 0, 190.8, 199.5, 178.3][162.6, 135.5, 177.5, 148.2, 139.1, 125.1, 190.8, 0, 178.2, 135.6][121.7, 112.9, 133.5, 106.2, 191.6, 135.6, 199.5, 178.2, 0, 104.7][186.6, 128.6, 163.7, 143.6, 184.3, 150, 178.3, 135.6, 104.7, 0]],
[[0, 119.9, 174.4, 148.5, 170.2, 128.2, 102.7, 126.9, 116.3, 194.5][119.9, 0, 142.1, 157.6, 197.8, 157.2, 126.9, 155.2, 170.9, 114.3][174.4, 142.1, 0, 115.5, 143, 102.5, 181.6, 156.4, 196.8, 193.7][148.5, 157.6, 115.5, 0, 115, 187.7, 193, 142.2, 195.3, 141][170.2, 197.8, 143, 115, 0, 122, 199.3, 198, 159, 115.2][128.2, 157.2, 102.5, 187.7, 122, 0, 199.1, 192.6, 178, 178][102.7, 126.9, 181.6, 193, 199.3, 199.1, 0, 140.9, 134.2, 184][126.9, 155.2, 156.4, 142.2, 198, 192.6, 140.9, 0, 144.7, 149.5][116.3, 170.9, 196.8, 195.3, 159, 178, 134.2, 144.7, 0, 126.6][194.5, 114.3, 193.7, 141, 115.2, 178, 184, 149.5, 126.6, 0]],
[[0, 122.7, 168, 108.7, 194.8, 120, 185.2, 162.8, 135.2, 133][122.7, 0, 123.1, 163.5, 177.6, 154.7, 155.2, 140.5, 109.7, 184.8][168, 123.1, 0, 121, 153.5, 120.1, 158.4, 199.8, 198.1, 111.7][108.7, 163.5, 121, 0, 156.1, 178.3, 136.3, 137.4, 102.1, 168.4][194.8, 177.6, 153.5, 156.1, 0, 197.6, 111.8, 147.2, 167.1, 192.3][120, 154.7, 120.1, 178.3, 197.6, 0, 119.8, 184.3, 147.4, 175.3][185.2, 155.2, 158.4, 136.3, 111.8, 119.8, 0, 155.8, 159.2, 164.1][162.8, 140.5, 199.8, 137.4, 147.2, 184.3, 155.8, 0, 164.9, 135.9][135.2, 109.7, 198.1, 102.1, 167.1, 147.4, 159.2, 164.9, 0, 151.6][133, 184.8, 111.7, 168.4, 192.3, 175.3, 164.1, 135.9, 151.6, 0]],
[[0, 121.5, 137.9, 122.8, 137.6, 131.2, 149.4, 163, 191.1, 129.4][121.5, 0, 168.3, 122.9, 169.8, 197, 138.7, 141.7, 148.8, 125.4][137.9, 168.3, 0, 133.1, 164.7, 125.5, 151.8, 130.4, 187.7, 162.9][122.8, 122.9, 133.1, 0, 120.7, 125.4, 137.4, 145.7, 197.7, 160.9][137.6, 169.8, 164.7, 120.7, 0, 194.3, 134.9, 162.2, 160.1, 134.6][131.2, 197, 125.5, 125.4, 194.3, 0, 140.4, 113.5, 199.9, 170.9][149.4, 138.7, 151.8, 137.4, 134.9, 140.4, 0, 119, 134.5, 120.6][163, 141.7, 130.4, 145.7, 162.2, 113.5, 119, 0, 117.8, 198.8][191.1, 148.8, 187.7, 197.7, 160.1, 199.9, 134.5, 117.8, 0, 169.4][129.4, 125.4, 162.9, 160.9, 134.6, 170.9, 120.6, 198.8, 169.4, 0]],
[[0, 149.9, 187.3, 108.7, 133.6, 107, 133.8, 131, 100.3, 110.4][149.9, 0, 199.9, 191.1, 150.2, 160, 116.9, 105.8, 112, 117.4][187.3, 199.9, 0, 193.4, 168.5, 174, 188, 107.6, 136.9, 104.1][108.7, 191.1, 193.4, 0, 101.3, 135.4, 125.5, 162.2, 145.7, 191][133.6, 150.2, 168.5, 101.3, 0, 131.1, 112.6, 188.9, 193.5, 170.8][107, 160, 174, 135.4, 131.1, 0, 138.1, 128.6, 112, 190.7][133.8, 116.9, 188, 125.5, 112.6, 138.1, 0, 127.2, 163.3, 134.6][131, 105.8, 107.6, 162.2, 188.9, 128.6, 127.2, 0, 151.8, 160.2][100.3, 112, 136.9, 145.7, 193.5, 112, 163.3, 151.8, 0, 143.5][110.4, 117.4, 104.1, 191, 170.8, 190.7, 134.6, 160.2, 143.5, 0]]
];
cf = [40, 40, 40, 40, 40, 40, 40, 40, 40, 40];
dMax = 25;

q = [8, 8, 8, 8, 8, 8, 8, 8, 8, 8];
st = [
[1081.6, 1389.8, 556.5, 568.3, 960.9, 1286, 760.4, 900.1, 934.3, 1128.5],
[1116.1, 1174.6, 459.9, 881.9, 837.4, 1233.2, 677.9, 695.6, 481.7, 917.4],
[803.5, 664.8, 632.3, 1332.6, 1109.7, 1316.7, 1187.6, 1000.7, 646.2, 1240],
[847.2, 997, 1241.5, 1399.8, 1197.8, 1332.8, 1198.1, 1295, 1092.7, 809.6],
[1033.4, 882.3, 1364.8, 811.2, 1233.2, 745.6, 1399.5, 1176.6, 497, 932.9],
[641.7, 512.4, 1205.2, 866.2, 495.6, 836.9, 1177.5, 663.9, 898.6, 1084.2],
[518.5, 1199.7, 673.9, 1134.4, 701.2, 539, 1373.1, 500.2, 1124.1, 944.6],
[455.2, 822.9, 1042.9, 1112.1, 1324, 1361.2, 740, 1261.1, 519.4, 784.1],
[1357.2, 430.9, 923.7, 1153.3, 1018.3, 754.8, 1231.8, 795.3, 1324.2, 781],
[575.2, 954.2, 816.4, 428.5, 711.1, 1273.7, 628.4, 650.4, 530, 1114.2]
];
t = [
[[0, 67.1, 178.2, 86.5, 38.1, 80.9, 73.3, 144.7, 120.7, 72.6][67.1, 0, 144.2, 179.5, 102.5, 143.4, 171.4, 97.9, 163.4, 41.6][178.2, 144.2, 0, 177, 100, 147.7, 52.9, 91.8, 75.7, 84.7][86.5, 179.5, 177, 0, 140.1, 140.5, 32.6, 43.8, 84.3, 162.8][38.1, 102.5, 100, 140.1, 0, 84.4, 166.6, 110.9, 69.2, 169.2][80.9, 143.4, 147.7, 140.5, 84.4, 0, 137.5, 91.2, 101.7, 69.9][73.3, 171.4, 52.9, 32.6, 166.6, 137.5, 0, 74.7, 152.9, 130.2][144.7, 97.9, 91.8, 43.8, 110.9, 91.2, 74.7, 0, 35.3, 80.2][120.7, 163.4, 75.7, 84.3, 69.2, 101.7, 152.9, 35.3, 0, 58.5][72.6, 41.6, 84.7, 162.8, 169.2, 69.9, 130.2, 80.2, 58.5, 0]],
[[0, 28.2, 86, 124.2, 95.5, 125.2, 164.8, 60.5, 88.3, 137.9][28.2, 0, 21.5, 155.3, 122.5, 21.8, 78, 120.5, 60.7, 121][86, 21.5, 0, 56.4, 89.8, 79.7, 32.9, 171.7, 94.3, 22.2][124.2, 155.3, 56.4, 0, 140.3, 92.2, 119.9, 127.1, 45.3, 174.8][95.5, 122.5, 89.8, 140.3, 0, 102.7, 76.5, 175.5, 46.3, 131.9][125.2, 21.8, 79.7, 92.2, 102.7, 0, 74.5, 88.4, 128.3, 139.1][164.8, 78, 32.9, 119.9, 76.5, 74.5, 0, 178, 44, 98.3][60.5, 120.5, 171.7, 127.1, 175.5, 88.4, 178, 0, 153, 67.6][88.3, 60.7, 94.3, 45.3, 46.3, 128.3, 44, 153, 0, 34][137.9, 121, 22.2, 174.8, 131.9, 139.1, 98.3, 67.6, 34, 0]],
[[0, 35, 89.4, 43.7, 129.4, 33.9, 51.9, 93.8, 125.5, 20.4][35, 0, 45.6, 36.5, 171.7, 122, 135.2, 53, 64.9, 113.3][89.4, 45.6, 0, 62.9, 143.1, 98.8, 98.8, 127, 155.5, 126.1][43.7, 36.5, 62.9, 0, 66, 152.4, 172.7, 97.3, 91.8, 55.8][129.4, 171.7, 143.1, 66, 0, 114.6, 38.7, 46.6, 168.2, 125.3][33.9, 122, 98.8, 152.4, 114.6, 0, 22.8, 96.2, 177.7, 31.4][51.9, 135.2, 98.8, 172.7, 38.7, 22.8, 0, 142.8, 28.9, 131][93.8, 53, 127, 97.3, 46.6, 96.2, 142.8, 0, 175.1, 20.7][125.5, 64.9, 155.5, 91.8, 168.2, 177.7, 28.9, 175.1, 0, 115.4][20.4, 113.3, 126.1, 55.8, 125.3, 31.4, 131, 20.7, 115.4, 0]],
[[0, 82.8, 146.4, 173.1, 106.1, 133.1, 110.7, 55.4, 29.8, 148.8][82.8, 0, 115.2, 88, 113.9, 97.6, 83.5, 61.6, 59.2, 176.5][146.4, 115.2, 0, 53.6, 144.7, 111, 177.8, 145, 133.8, 29.9][173.1, 88, 53.6, 0, 50.2, 148.7, 115.6, 51.5, 20.3, 90][106.1, 113.9, 144.7, 50.2, 0, 147.8, 131.9, 154.8, 30.7, 163.1][133.1, 97.6, 111, 148.7, 147.8, 0, 26, 179.6, 171.2, 138.8][110.7, 83.5, 177.8, 115.6, 131.9, 26, 0, 125.1, 79.2, 28.9][55.4, 61.6, 145, 51.5, 154.8, 179.6, 125.1, 0, 77.8, 73][29.8, 59.2, 133.8, 20.3, 30.7, 171.2, 79.2, 77.8, 0, 57.3][148.8, 176.5, 29.9, 90, 163.1, 138.8, 28.9, 73, 57.3, 0]],
[[0, 88.8, 178.6, 114.2, 149.8, 103.6, 32.3, 97.4, 50.4, 89.7][88.8, 0, 117.7, 117.8, 32.6, 163.2, 75.9, 164.3, 175, 23.9][178.6, 117.7, 0, 29.5, 78.8, 147.4, 136.1, 139.1, 86.8, 100.3][114.2, 117.8, 29.5, 0, 55.6, 59.6, 25.3, 94.9, 39.6, 51.8][149.8, 32.6, 78.8, 55.6, 0, 168.8, 87.2, 80.8, 152.6, 141.4][103.6, 163.2, 147.4, 59.6, 168.8, 0, 150.1, 21.4, 81.7, 96.7][32.3, 75.9, 136.1, 25.3, 87.2, 150.1, 0, 77.7, 70.4, 101.5][97.4, 164.3, 139.1, 94.9, 80.8, 21.4, 77.7, 0, 85.1, 93.1][50.4, 175, 86.8, 39.6, 152.6, 81.7, 70.4, 85.1, 0, 65.4][89.7, 23.9, 100.3, 51.8, 141.4, 96.7, 101.5, 93.1, 65.4, 0]],
[[0, 173.4, 36.4, 115.3, 154.4, 130.1, 75.3, 179.4, 179, 105.6][173.4, 0, 101.1, 129.7, 111.8, 33.9, 114.2, 64, 27, 22.5][36.4, 101.1, 0, 30.9, 57.9, 128.8, 50.6, 131.8, 30.7, 114.5][115.3, 129.7, 30.9, 0, 34.3, 173.6, 122.2, 112.8, 21.2, 97.1][154.4, 111.8, 57.9, 34.3, 0, 54.7, 74.1, 173.8, 55, 62.2][130.1, 33.9, 128.8, 173.6, 54.7, 0, 43.2, 90, 120.4, 89.5][75.3, 114.2, 50.6, 122.2, 74.1, 43.2, 0, 156.5, 169.4, 88.2][179.4, 64, 131.8, 112.8, 173.8, 90, 156.5, 0, 155.2, 71.5][179, 27, 30.7, 21.2, 55, 120.4, 169.4, 155.2, 0, 31.7][105.6, 22.5, 114.5, 97.1, 62.2, 89.5, 88.2, 71.5, 31.7, 0]],
[[0, 58.3, 167.6, 147.5, 52.7, 70.6, 67.8, 90.6, 47.1, 144.3][58.3, 0, 34.8, 61.7, 25.7, 20.9, 140.2, 136.5, 133.2, 86.6][167.6, 34.8, 0, 177.9, 28.5, 66.4, 75.7, 118, 158.9, 72.1][147.5, 61.7, 177.9, 0, 40.8, 117, 82.1, 121.4, 81.5, 139.4][52.7, 25.7, 28.5, 40.8, 0, 142.4, 156.6, 139.2, 102.8, 156][70.6, 20.9, 66.4, 117, 142.4, 0, 26, 154.7, 80.1, 130.5][67.8, 140.2, 75.7, 82.1, 156.6, 26, 0, 49.2, 144.1, 47][90.6, 136.5, 118, 121.4, 139.2, 154.7, 49.2, 0, 49.5, 40.2][47.1, 133.2, 158.9, 81.5, 102.8, 80.1, 144.1, 49.5, 0, 20.5][144.3, 86.6, 72.1, 139.4, 156, 130.5, 47, 40.2, 20.5, 0]],
[[0, 37.5, 89.1, 160.3, 133, 43.3, 102.9, 90.3, 146.7, 25][37.5, 0, 136, 120.2, 28.7, 95.4, 31.9, 133.6, 165.7, 149.2][89.1, 136, 0, 145.6, 24.9, 72.4, 85.1, 66.5, 98, 164.2][160.3, 120.2, 145.6, 0, 130.5, 158.5, 26.4, 67.3, 159.3, 102.3][133, 28.7, 24.9, 130.5, 0, 48.7, 88.5, 138.7, 71.6, 23.3][43.3, 95.4, 72.4, 158.5, 48.7, 0, 47.9, 101.8, 168.4, 58.2][102.9, 31.9, 85.1, 26.4, 88.5, 47.9, 0, 56.5, 72.1, 29.9][90.3, 133.6, 66.5, 67.3, 138.7, 101.8, 56.5, 0, 134.2, 146.8][146.7, 165.7, 98, 159.3, 71.6, 168.4, 72.1, 134.2, 0, 55.8][25, 149.2, 164.2, 102.3, 23.3, 58.2, 29.9, 146.8, 55.8, 0]],
[[0, 177.4, 79.3, 68.3, 176.9, 63.5, 174.9, 81.3, 44.6, 147.8][177.4, 0, 115.4, 150.9, 171.1, 176.1, 22.5, 64.8, 96.4, 43][79.3, 115.4, 0, 167.4, 102.7, 107.3, 51.7, 70, 43.8, 28.6][68.3, 150.9, 167.4, 0, 105.7, 83.9, 160.8, 107.4, 148.4, 20.3][176.9, 171.1, 102.7, 105.7, 0, 75.2, 112.4, 131.2, 128.4, 133.1][63.5, 176.1, 107.3, 83.9, 75.2, 0, 99.2, 138.2, 70.4, 115.8][174.9, 22.5, 51.7, 160.8, 112.4, 99.2, 0, 107.4, 147.4, 63.9][81.3, 64.8, 70, 107.4, 131.2, 138.2, 107.4, 0, 170.9, 136.2][44.6, 96.4, 43.8, 148.4, 128.4, 70.4, 147.4, 170.9, 0, 52.4][147.8, 43, 28.6, 20.3, 133.1, 115.8, 63.9, 136.2, 52.4, 0]],
[[0, 56.8, 105.7, 165.9, 173.4, 140.1, 49.1, 42.6, 51.5, 59.5][56.8, 0, 24.1, 127.4, 55.5, 59.7, 91.2, 159.6, 34.2, 153.9][105.7, 24.1, 0, 76.2, 147.5, 60.2, 58.6, 59.9, 67.7, 69.4][165.9, 127.4, 76.2, 0, 145.6, 138.3, 152.6, 71.6, 175.3, 139.9][173.4, 55.5, 147.5, 145.6, 0, 167.7, 79.1, 87.6, 156.2, 68.8][140.1, 59.7, 60.2, 138.3, 167.7, 0, 158.2, 174.9, 114, 28.3][49.1, 91.2, 58.6, 152.6, 79.1, 158.2, 0, 151.2, 52.6, 80.9][42.6, 159.6, 59.9, 71.6, 87.6, 174.9, 151.2, 0, 91.7, 124.4][51.5, 34.2, 67.7, 175.3, 156.2, 114, 52.6, 91.7, 0, 25.7][59.5, 153.9, 69.4, 139.9, 68.8, 28.3, 80.9, 124.4, 25.7, 0]]
];
tvMax = [480, 480, 480, 480, 480, 480, 480, 480, 480, 480];
w = [7.6, 4.6, 4.9, 4.3, 2.5, 8, 7.1, 7.4, 7.6, 7.1];
ctr = 10;

