M = 20000;
qC = 5;
qP = 1;
qB = 10;
qVg = 4;
cr = [
[0, 27.9880892848541, 39.0073426063207, 23.2043399304172, 23.2188072489662, 38.9253631508562],
[27.9880892848541, 0, 38.1573363059002, 22.7120887500756, 10.7176956398029, 20.0546519737945],
[39.0073426063207, 38.1573363059002, 0, 27.5421607482909, 30.8698949687508, 10.0731563149361],
[23.2043399304172, 22.7120887500756, 27.5421607482909, 0, 25.6584495192666, 30.6992557787799],
[23.2188072489662, 10.7176956398029, 30.8698949687508, 25.6584495192666, 0, 17.1008460908666],
[38.9253631508562, 20.0546519737945, 10.0731563149361, 30.6992557787799, 17.1008460908666, 0]
];
cac = [
[0],
[351.622509188774],
[230.624532993242],
[386.554647417066],
[271.012182380544],
[320.116587597931]
];
cuc = [10.9635524921881, 12.1105239177637, 11.7436295942141, 13.1338217030902, 17.0733947013847, 19.7301323338086, 13.2890923895357, 16.9436674876808, 16.3428043603631, 17.2333512488908];
ti = [
[0, 37, 77, 70, 34, 48],
[37, 0, 16, 75, 29, 60],
[77, 16, 0, 20, 15, 23],
[70, 75, 20, 0, 44, 25],
[34, 29, 15, 44, 0, 42],
[48, 60, 23, 25, 42, 0]
];
tv = [
[0, 70, 12, 14, 29, 51],
[70, 0, 13, 12, 42, 36],
[12, 13, 0, 24, 20, 71],
[14, 12, 24, 0, 56, 32],
[29, 42, 20, 56, 0, 31],
[51, 36, 71, 32, 31, 0]
];
tp = [7];
td = [0, 25, 18, 22, 24, 17];
hc = [
[0, 0, 0, 0],
[570, 804, 1188, 834],
[1104, 778, 824, 1100],
[1019, 841, 1072, 849],
[1049, 685, 691, 489],
[932, 740, 935, 722]
];
vc = [
[0, 0, 0, 0],
[8, 8, 8, 8],
[8, 8, 8, 8],
[8, 8, 8, 8],
[8, 8, 8, 8],
[8, 8, 8, 8]
];
qv = [0, 4, 4, 4, 4, 4];
kp = [10];
